%YAML:1.0
---
K: !!opencv-matrix
   rows: 3
   cols: 3
   dt: d
   data: [ 9.2376990494940696e+02, 0., 4.7065832448490914e+02, 0.,
       9.5499546229360772e+02, 3.7168916392135293e+02, 0., 0., 1. ]
D: !!opencv-matrix
   rows: 1
   cols: 5
   dt: d
   data: [ 9.5366747694693055e-02, -1.3178790861920084e+00,
       6.8973903422048103e-03, -5.0965561671486312e-03,
       4.8722972019322492e+00 ]
